ID;Name;Categories;Price;Short desc.;Long desc;Images URL
619499;Taśma LED zestaw IP20 1880 lm 3 m Activejet;leds;239zł;TAŚ LED COB+ZAS TK LM CCT 3MP IP20+ PILOT;'Źródło światła w zestawie': 'Tak' >  'Długość (w m)': '3' >  'Klasa szczelności (IP + IK)': 'IP20 ' >  'Strumień świetlny (w lumenach)': '1880' >  'Barwa światła': 'Od białego ciepłego do białego zimnego' >  'Zmiana barwy światła': 'Tak' >  'Materiał wykonania': 'Tworzywo sztuczne' >  'Przeznaczenie': 'Do każdego rodzaju pomieszczeń' >  'Typ instalacji': 'Do przyklejenia' >  'Możliwość ściemniania': 'Nie' >  'Zasilanie': 'Sieć zasilająca' >  'Zapłon': 'Włącznik pojedynczy' >  'Napięcie (w V)': '12' >  'Pilot na wyposażeniu': 'Tak' >  'Marka handlowa': 'ACTIVEJET' >  'Gwarancja (w latach)': '2' >  'Kod EAN:': '5901443119043' >  'Numer referencyjny:': '84312738' >  'Cena': '239zł /szt.239.00zł';https://static02.leroymerlin.pl/files/media/image/025/2763025/product/tasma-led-zestaw-ip20-1880-lm-3-m-activejet,large.jpg > https://static02.leroymerlin.pl/files/media/image/754/2761754/product/tasma-led-zestaw-ip20-1880-lm-3-m-activejet,large.jpg > https://static02.leroymerlin.pl/files/media/image/755/2761755/product/tasma-led-zestaw-ip20-1880-lm-3-m-activejet,large.jpg > https://static02.leroymerlin.pl/files/media/image/756/2761756/product/tasma-led-zestaw-ip20-1880-lm-3-m-activejet,large.jpg > https://static02.leroymerlin.pl/files/media/image/757/2761757/product/tasma-led-zestaw-ip20-1880-lm-3-m-activejet,large.jpg > https://static02.leroymerlin.pl/files/media/image/758/2761758/product/tasma-led-zestaw-ip20-1880-lm-3-m-activejet,large.jpg > https://static02.leroymerlin.pl/files/media/image/759/2761759/product/tasma-led-zestaw-ip20-1880-lm-3-m-activejet,large.jpg > https://static02.leroymerlin.pl/files/media/image/760/2761760/product/tasma-led-zestaw-ip20-1880-lm-3-m-activejet,large.jpg
614944;Zasilacz do taśm LED IP44 2 m 230 V Inspire ;leds;29,99zł;.;'Szerokość (w cm)': '4' >  'Klasa szczelności (IP + IK)': 'IP44 ' >  'Materiał główny': 'Tworzywo sztuczne' >  'Rodzina kolorów': 'Czarny' >  'Długość (w cm)': '200' >  'Grubość (w mm)': '32' >  'Ilość sztuk w opakowaniu': '1' >  'Ilość wyjść': '1' >  'Rodzaj trzonka': 'Męski' >  'Marka produktu': 'INSPIRE' >  'Gwarancja (w latach)': '5' >  'Kod EAN:': '3276007257861' >  'Numer referencyjny:': '83704505' >  'Cena': '29 > 99zł /szt.29.99zł';https://static01.leroymerlin.pl/files/media/image/985/2839985/product/zasilacz-do-tasm-led-ip44-2-m-230-v-inspire,large.jpg
608399;Profil aluminiowy narożny do taśm LED dł. 2 m osłona mleczna Inspire;leds;49,99zł;Srebrny kątowy profil o długości 2 metrów idealnie nada dekoracyjnego charakteru instalacji listwowej. Pozwala na wykończenie projektu oświetlenia listwowego. Profil zapewnia jednorodne i rozproszone oświetlenie w zależności od wybranej taśmy. Profil narożny ma tę szczególną cechę, że dopasowuje się do kształtu miejsca montażu, wtapiając się w ścianę lub meble.;'Wysokość (w mm)': '16' >  'Długość (w mm)': '2000' >  'Głębokość (w mm)': '16' >  'Typ instalacji': 'Do mocowania' >  'Materiał wykonania': 'Aluminium' >  'Kolor': 'Srebrny' >  'Rodzina kolorów': 'Szary / srebrny' >  'Ilość sztuk w opakowaniu': '1' >  'Marka handlowa': 'INSPIRE' >  'Gwarancja (w latach)': '5' >  'Kod EAN:': '3276007267402' >  'Numer referencyjny:': '83810618' >  'Cena': '49 > 99zł /szt.49.99zł';https://static01.leroymerlin.pl/files/media/image/999/2839999/product/profil-aluminiowy-narozny-do-tasm-led-dl-2-m-oslona-mleczna-inspire,large.jpg > https://static01.leroymerlin.pl/files/media/image/155/2745155/product/profil-aluminiowy-narozny-do-tasm-led-dl-2-m-oslona-mleczna-inspire,large.jpg > https://static01.leroymerlin.pl/files/media/image/156/2745156/product/profil-aluminiowy-narozny-do-tasm-led-dl-2-m-oslona-mleczna-inspire,large.jpg > https://static01.leroymerlin.pl/files/media/image/157/2745157/product/profil-aluminiowy-narozny-do-tasm-led-dl-2-m-oslona-mleczna-inspire,large.jpg > https://static01.leroymerlin.pl/files/media/image/067/2747067/product/profil-aluminiowy-narozny-do-tasm-led-dl-2-m-oslona-mleczna-inspire,large.jpg > https://static01.leroymerlin.pl/files/media/image/068/2747068/product/profil-aluminiowy-narozny-do-tasm-led-dl-2-m-oslona-mleczna-inspire,large.jpg > https://static01.leroymerlin.pl/files/media/image/069/2747069/product/profil-aluminiowy-narozny-do-tasm-led-dl-2-m-oslona-mleczna-inspire,large.jpg
608398;Profil aluminiowy narożny do taśm LED dł. 2 m osłona mleczna Inspire;leds;49,99zł;Biały kątowy profil o długości 2 metrów idealnie nada dekoracyjnego charakteru instalacji listwowej. Pozwala na wykończenie projektu oświetlenia listwowego. Profil zapewnia jednorodne i rozproszone oświetlenie w zależności od wybranej taśmy. Profil narożny ma tę szczególną cechę, że dopasowuje się do kształtu miejsca montażu, wtapiając się w ścianę lub meble.;'Wysokość (w mm)': '16' >  'Długość (w mm)': '2000' >  'Głębokość (w mm)': '16' >  'Typ instalacji': 'Do mocowania' >  'Materiał wykonania': 'Aluminium' >  'Kolor': 'Biały' >  'Rodzina kolorów': 'Biały' >  'Ilość sztuk w opakowaniu': '1' >  'Marka handlowa': 'INSPIRE' >  'Gwarancja (w latach)': '5' >  'Kod EAN:': '3276007267396' >  'Numer referencyjny:': '83810617' >  'Cena': '49 > 99zł /szt.49.99zł';https://static01.leroymerlin.pl/files/media/image/997/2839997/product/profil-aluminiowy-narozny-do-tasm-led-dl-2-m-oslona-mleczna-inspire,large.jpg > https://static01.leroymerlin.pl/files/media/image/079/2747079/product/profil-aluminiowy-narozny-do-tasm-led-dl-2-m-oslona-mleczna-inspire,large.jpg > https://static01.leroymerlin.pl/files/media/image/080/2747080/product/profil-aluminiowy-narozny-do-tasm-led-dl-2-m-oslona-mleczna-inspire,large.jpg > https://static01.leroymerlin.pl/files/media/image/081/2747081/product/profil-aluminiowy-narozny-do-tasm-led-dl-2-m-oslona-mleczna-inspire,large.jpg
608396;Profil aluminiowy do taśm LED dł. 2 m osłona mleczna Inspire;leds;39,99zł;Srebrny wpuszczany profil o długości 2 metrów idealnie nada dekoracyjnego charakteru instalacji listwowej. Pozwala na wykończenie projektu oświetlenia listwowego. Profil zapewnia jednorodne i rozproszone oświetlenie w zależności od wybranej taśmy. Umożliwia także stworzenie ozdobnego punktu świetlnego, jednocześnie doskonale stapiając się z podłogą i meblami.;'Wysokość (w mm)': '16' >  'Długość (w mm)': '2000' >  'Głębokość (w mm)': '7' >  'Typ instalacji': 'Do mocowania' >  'Materiał wykonania': 'Aluminium' >  'Kolor': 'Srebrny' >  'Rodzina kolorów': 'Szary / srebrny' >  'Ilość sztuk w opakowaniu': '1' >  'Marka handlowa': 'INSPIRE' >  'Gwarancja (w latach)': '5' >  'Kod EAN:': '3276007267365' >  'Numer referencyjny:': '83810614' >  'Cena': '39 > 99zł /szt.39.99zł';https://static01.leroymerlin.pl/files/media/image/995/2839995/product/profil-aluminiowy-do-tasm-led-dl-2-m-oslona-mleczna-inspire,large.jpg > https://static01.leroymerlin.pl/files/media/image/158/2745158/product/profil-aluminiowy-do-tasm-led-dl-2-m-oslona-mleczna-inspire,large.jpg > https://static01.leroymerlin.pl/files/media/image/159/2745159/product/profil-aluminiowy-do-tasm-led-dl-2-m-oslona-mleczna-inspire,large.jpg > https://static01.leroymerlin.pl/files/media/image/160/2745160/product/profil-aluminiowy-do-tasm-led-dl-2-m-oslona-mleczna-inspire,large.jpg > https://static01.leroymerlin.pl/files/media/image/062/2747062/product/profil-aluminiowy-do-tasm-led-dl-2-m-oslona-mleczna-inspire,large.jpg > https://static01.leroymerlin.pl/files/media/image/063/2747063/product/profil-aluminiowy-do-tasm-led-dl-2-m-oslona-mleczna-inspire,large.jpg > https://static01.leroymerlin.pl/files/media/image/064/2747064/product/profil-aluminiowy-do-tasm-led-dl-2-m-oslona-mleczna-inspire,large.jpg
608388;Zasilacz do taśm LED RGBW + pilot IP44 2 m 230 V Inspire;leds;59,99zł;.;'Szerokość (w cm)': '6' >  'Klasa szczelności (IP + IK)': 'IP44 ' >  'Materiał główny': 'Tworzywo sztuczne' >  'Rodzina kolorów': 'Czarny' >  'Długość (w cm)': '200' >  'Grubość (w mm)': '40' >  'Ilość sztuk w opakowaniu': '1' >  'Ilość wyjść': '1' >  'Rodzaj trzonka': 'Męski' >  'Marka produktu': 'INSPIRE' >  'Gwarancja (w latach)': '5' >  'Kod EAN:': '3276007257885' >  'Numer referencyjny:': '83704507' >  'Cena': '59 > 99zł /szt.59.99zł';https://static01.leroymerlin.pl/files/media/image/988/2839988/product/zasilacz-do-tasm-led-rgbw-pilot-ip44-2-m-230-v-inspire,large.jpg
608387;Taśma LED zestaw 5 m 175 lm/0.5 m RGBW Inspire;leds;119zł;Taśmy LED „Movaled” to  5-metrowy zestaw samoprzylepny który można dostosować w zależności od preferencji: funkcjonalne białe oświetlenie 4000 K lub oświetlenie wielokolorowe. Dzięki dołączonemu pilotowi zdalnego sterowania można stworzyć własną atmosferę! Taśmę można zginać w celu umieszczenia w narożnikach. Jasna taśma świetlna (350 lumenów na metr) może być przycinana co 10 cm. Zestaw sprzedawany jest z transformatorem i zasilaczem, 2 złączami i 1 pilotem.;'Źródło światła w zestawie': 'Tak' >  'Długość (w m)': '5' >  'Klasa szczelności (IP + IK)': 'IP20 ' >  'Strumień świetlny (w lumenach)': '175LM/0.5M' >  'Zmiana kolorów': 'Tak' >  'Barwa światła': 'Od białego ciepłego do białego zimnego' >  'Zmiana barwy światła': 'Tak' >  'Klasa ochronności': '2: urządzenie elektryczne z podwójną izolacją' >  'Szerokość (w cm)': '1.2' >  'Materiał wykonania': 'Tworzywo sztuczne' >  'Przeznaczenie': 'hol' >  'Typ instalacji': 'Do przyklejenia' >  'Możliwość ściemniania': 'Tak' >  'Zasilanie': 'Sieć zasilająca' >  'Zapłon': 'Pilot' >  'Kubatura ochrony': 'Objętość całkowita' >  'Pobór mocy (w W)': '15' >  'Napięcie (w V)': '12' >  'Pilot na wyposażeniu': 'Tak' >  'Transformator w zestawie': 'Tak' >  'Marka handlowa': 'INSPIRE' >  'Gwarancja (w latach)': '5' >  'Kod EAN:': '3276007237528' >  'Numer referencyjny:': '83700006' >  'Cena': '119zł /szt.119.00zł';https://static01.leroymerlin.pl/files/media/image/001/2840001/product/tasma-led-zestaw-5-m-175-lm-0-5-m-rgbw-inspire,large.jpg > https://static01.leroymerlin.pl/files/media/image/478/2844478/product/tasma-led-zestaw-5-m-175-lm-0-5-m-rgbw-inspire,large.jpg > https://static01.leroymerlin.pl/files/media/image/479/2844479/product/tasma-led-zestaw-5-m-175-lm-0-5-m-rgbw-inspire,large.jpg > https://static01.leroymerlin.pl/files/media/image/480/2844480/product/tasma-led-zestaw-5-m-175-lm-0-5-m-rgbw-inspire,large.jpg > https://static01.leroymerlin.pl/files/media/image/481/2844481/product/tasma-led-zestaw-5-m-175-lm-0-5-m-rgbw-inspire,large.jpg > https://static01.leroymerlin.pl/files/media/image/482/2844482/product/tasma-led-zestaw-5-m-175-lm-0-5-m-rgbw-inspire,large.jpg > https://static01.leroymerlin.pl/files/media/image/486/2844486/product/tasma-led-zestaw-5-m-175-lm-0-5-m-rgbw-inspire,large.jpg > https://static01.leroymerlin.pl/files/media/image/487/2844487/product/tasma-led-zestaw-5-m-175-lm-0-5-m-rgbw-inspire,large.jpg > https://static01.leroymerlin.pl/files/media/image/488/2844488/product/tasma-led-zestaw-5-m-175-lm-0-5-m-rgbw-inspire,large.jpg > https://static01.leroymerlin.pl/files/media/image/489/2844489/product/tasma-led-zestaw-5-m-175-lm-0-5-m-rgbw-inspire,large.jpg > https://static01.leroymerlin.pl/files/media/image/490/2844490/product/tasma-led-zestaw-5-m-175-lm-0-5-m-rgbw-inspire,large.jpg > https://static01.leroymerlin.pl/files/media/image/491/2844491/product/tasma-led-zestaw-5-m-175-lm-0-5-m-rgbw-inspire,large.jpg > https://static01.leroymerlin.pl/files/media/image/492/2844492/product/tasma-led-zestaw-5-m-175-lm-0-5-m-rgbw-inspire,large.jpg > https://static01.leroymerlin.pl/files/media/image/493/2844493/product/tasma-led-zestaw-5-m-175-lm-0-5-m-rgbw-inspire,large.jpg
608385;Profil aluminiowy do taśm LED dł. 2 m osłona mleczna Inspire;leds;39,99zł;Biały wpuszczany profil o długości 2 metrów idealnie nadaje się do nadania dekoracyjnego charakteru instalacji listwowej. Pozwala na wykończenie projektu oświetlenia listwowego. Profil zapewnia jednorodne i rozproszone oświetlenie w zależności od wybranej taśmy. Umożliwia także stworzenie ozdobnego punktu świetlnego, jednocześnie doskonale stapiając się z podłogą i meblami.;'Wysokość (w mm)': '16' >  'Długość (w mm)': '2000' >  'Głębokość (w mm)': '7' >  'Typ instalacji': 'Do mocowania' >  'Materiał wykonania': 'Aluminium' >  'Kolor': 'Biały' >  'Rodzina kolorów': 'Biały' >  'Ilość sztuk w opakowaniu': '1' >  'Marka handlowa': 'INSPIRE' >  'Gwarancja (w latach)': '5' >  'Kod EAN:': '3276007267358' >  'Numer referencyjny:': '83810613' >  'Cena': '39 > 99zł /szt.39.99zł';https://static01.leroymerlin.pl/files/media/image/993/2839993/product/profil-aluminiowy-do-tasm-led-dl-2-m-oslona-mleczna-inspire,large.jpg > https://static01.leroymerlin.pl/files/media/image/140/2745140/product/profil-aluminiowy-do-tasm-led-dl-2-m-oslona-mleczna-inspire,large.jpg > https://static01.leroymerlin.pl/files/media/image/141/2745141/product/profil-aluminiowy-do-tasm-led-dl-2-m-oslona-mleczna-inspire,large.jpg > https://static01.leroymerlin.pl/files/media/image/142/2745142/product/profil-aluminiowy-do-tasm-led-dl-2-m-oslona-mleczna-inspire,large.jpg > https://static01.leroymerlin.pl/files/media/image/021/2747021/product/profil-aluminiowy-do-tasm-led-dl-2-m-oslona-mleczna-inspire,large.jpg > https://static01.leroymerlin.pl/files/media/image/022/2747022/product/profil-aluminiowy-do-tasm-led-dl-2-m-oslona-mleczna-inspire,large.jpg > https://static01.leroymerlin.pl/files/media/image/023/2747023/product/profil-aluminiowy-do-tasm-led-dl-2-m-oslona-mleczna-inspire,large.jpg
608384;Profil aluminiowy do taśm LED dł. 2 m osłona mleczna Inspire;leds;34,99zł;Srebrne profile o długości 2 metrów idealnie nadają się do nadania dekoracyjnego charakteru instalacji listwowej.  Umożliwiają wykończenie projektu oświetlenia listwowego. Profil zapewnia także jednorodne i rozproszone oświetlenie w zależności od wybranej taśmy.;'Wysokość (w mm)': '16' >  'Długość (w mm)': '2000' >  'Głębokość (w mm)': '8' >  'Typ instalacji': 'Do mocowania' >  'Materiał wykonania': 'Aluminium' >  'Kolor': 'Srebrny' >  'Rodzina kolorów': 'Szary / srebrny' >  'Ilość sztuk w opakowaniu': '1' >  'Marka handlowa': 'INSPIRE' >  'Gwarancja (w latach)': '5' >  'Kod EAN:': '3276007267334' >  'Numer referencyjny:': '83810611' >  'Cena': '34 > 99zł /szt.34.99zł';https://static01.leroymerlin.pl/files/media/image/991/2839991/product/profil-aluminiowy-do-tasm-led-dl-2-m-oslona-mleczna-inspire,large.jpg > https://static01.leroymerlin.pl/files/media/image/137/2745137/product/profil-aluminiowy-do-tasm-led-dl-2-m-oslona-mleczna-inspire,large.jpg > https://static01.leroymerlin.pl/files/media/image/138/2745138/product/profil-aluminiowy-do-tasm-led-dl-2-m-oslona-mleczna-inspire,large.jpg > https://static01.leroymerlin.pl/files/media/image/139/2745139/product/profil-aluminiowy-do-tasm-led-dl-2-m-oslona-mleczna-inspire,large.jpg > https://static02.leroymerlin.pl/files/media/image/995/2746995/product/profil-aluminiowy-do-tasm-led-dl-2-m-oslona-mleczna-inspire,large.jpg > https://static02.leroymerlin.pl/files/media/image/996/2746996/product/profil-aluminiowy-do-tasm-led-dl-2-m-oslona-mleczna-inspire,large.jpg > https://static02.leroymerlin.pl/files/media/image/997/2746997/product/profil-aluminiowy-do-tasm-led-dl-2-m-oslona-mleczna-inspire,large.jpg
608383;Profil aluminiowy do taśm LED dł. 1 m osłona mleczna Inspire;leds;22,99zł;Srebrne profile o długości 1 metra idealnie nadają się do nadania dekoracyjnego charakteru instalacji listwowej.  Umożliwiają wykończenie projektu oświetlenia listwowego. Profil zapewnia także jednorodne i rozproszone oświetlenie w zależności od wybranej taśmy.;'Wysokość (w mm)': '8' >  'Długość (w mm)': '1000' >  'Głębokość (w mm)': '8' >  'Typ instalacji': 'Do mocowania' >  'Materiał wykonania': 'Aluminium' >  'Kolor': 'Srebrny' >  'Rodzina kolorów': 'Szary / srebrny' >  'Ilość sztuk w opakowaniu': '1' >  'Marka handlowa': 'INSPIRE' >  'Gwarancja (w latach)': '5' >  'Kod EAN:': '3276007267310' >  'Numer referencyjny:': '83810609' >  'Cena': '22 > 99zł /szt.22.99zł';https://static02.leroymerlin.pl/files/media/image/989/2839989/product/profil-aluminiowy-do-tasm-led-dl-1-m-oslona-mleczna-inspire,large.jpg > https://static02.leroymerlin.pl/files/media/image/134/2745134/product/profil-aluminiowy-do-tasm-led-dl-1-m-oslona-mleczna-inspire,large.jpg > https://static02.leroymerlin.pl/files/media/image/135/2745135/product/profil-aluminiowy-do-tasm-led-dl-1-m-oslona-mleczna-inspire,large.jpg > https://static02.leroymerlin.pl/files/media/image/136/2745136/product/profil-aluminiowy-do-tasm-led-dl-1-m-oslona-mleczna-inspire,large.jpg > https://static02.leroymerlin.pl/files/media/image/029/2747029/product/profil-aluminiowy-do-tasm-led-dl-1-m-oslona-mleczna-inspire,large.jpg > https://static02.leroymerlin.pl/files/media/image/030/2747030/product/profil-aluminiowy-do-tasm-led-dl-1-m-oslona-mleczna-inspire,large.jpg > https://static02.leroymerlin.pl/files/media/image/031/2747031/product/profil-aluminiowy-do-tasm-led-dl-1-m-oslona-mleczna-inspire,large.jpg
608379;Zasilacz do taśm LED + pilot IP44 2 m 230 V Inspire ;leds;55,99zł;.;'Szerokość (w cm)': '6' >  'Klasa szczelności (IP + IK)': 'IP44 ' >  'Materiał główny': 'Tworzywo sztuczne' >  'Rodzina kolorów': 'Czarny' >  'Długość (w cm)': '200' >  'Grubość (w mm)': '40' >  'Ilość sztuk w opakowaniu': '1' >  'Ilość wyjść': '1' >  'Rodzaj trzonka': 'Męski' >  'Marka produktu': 'INSPIRE' >  'Gwarancja (w latach)': '5' >  'Kod EAN:': '3276007257878' >  'Numer referencyjny:': '83704506' >  'Cena': '55 > 99zł /szt.55.99zł';https://static02.leroymerlin.pl/files/media/image/987/2839987/product/zasilacz-do-tasm-led-pilot-ip44-2-m-230-v-inspire,large.jpg
481224;Taśma LED zewnętrzna IP65 RGBW 400 lm/m 2 m INSPIRE;leds;59,99zł;.;'Źródło światła w zestawie': 'Tak' >  'Długość (w m)': '2' >  'Klasa szczelności (IP + IK)': 'IP65 ' >  'Strumień świetlny (w lumenach)': '400' >  'Zmiana kolorów': 'Tak' >  'Barwa światła': 'RGB różnokolorowy' >  'Zmiana barwy światła': 'Tak' >  'Klasa ochronności': '2: urządzenie elektryczne z podwójną izolacją' >  'Szerokość (w cm)': '1.57' >  'Materiał wykonania': 'Tworzywo sztuczne' >  'Przeznaczenie': 'Do każdego rodzaju pomieszczeń' >  'Typ instalacji': 'Do mocowania' >  'Możliwość ściemniania': 'Tak' >  'Zasilanie': 'Sieć zasilająca' >  'Zapłon': 'Pilot' >  'Kubatura ochrony': '2' >  'Pobór mocy (w W)': '18' >  'Napięcie (w V)': '230' >  'Pilot na wyposażeniu': 'Nie' >  'Transformator w zestawie': 'Nie' >  'Marka handlowa': 'INSPIRE' >  'Gwarancja (w latach)': '5' >  'Kod EAN:': '3276000701149' >  'Numer referencyjny:': '82260894' >  'Cena': '59 > 99zł /szt.59.99zł';https://static01.leroymerlin.pl/files/media/image/878/2116878/product/tasma-led-zewnetrzna-ip65-rgbw-400-lm-m-2-m-inspire,large.jpg > https://static02.leroymerlin.pl/files/media/image/301/2122301/product/tasma-led-zewnetrzna-ip65-rgbw-400-lm-m-2-m-inspire,large.jpg > https://static02.leroymerlin.pl/files/media/image/302/2122302/product/tasma-led-zewnetrzna-ip65-rgbw-400-lm-m-2-m-inspire,large.jpg > https://static02.leroymerlin.pl/files/media/image/303/2122303/product/tasma-led-zewnetrzna-ip65-rgbw-400-lm-m-2-m-inspire,large.jpg > https://static02.leroymerlin.pl/files/media/image/304/2122304/product/tasma-led-zewnetrzna-ip65-rgbw-400-lm-m-2-m-inspire,large.jpg > https://static02.leroymerlin.pl/files/media/image/305/2122305/product/tasma-led-zewnetrzna-ip65-rgbw-400-lm-m-2-m-inspire,large.jpg > https://static02.leroymerlin.pl/files/media/image/306/2122306/product/tasma-led-zewnetrzna-ip65-rgbw-400-lm-m-2-m-inspire,large.jpg > https://static01.leroymerlin.pl/files/media/image/445/2123445/product/tasma-led-zewnetrzna-ip65-rgbw-400-lm-m-2-m-inspire,large.jpg > https://static01.leroymerlin.pl/files/media/image/446/2123446/product/tasma-led-zewnetrzna-ip65-rgbw-400-lm-m-2-m-inspire,large.jpg
608397;Profil aluminiowy narożny do taśm LED dł. 1 m osłona mleczna Inspire;leds;29,99zł;Białe kątowe profile o długości 1 metra dodadzą dekoracyjnego charakteru instalacji listwowej. Pozwalą na wykończenie projektu oświetlenia listwowego. Profil zapewnia jednorodne i rozproszone oświetlenie w zależności od wybranej taśmy. Profil narożny ma tę szczególną cechę, że dopasowuje się do kształtu miejsca montażu, wtapiając się w ścianę lub meble.;'Wysokość (w mm)': '16' >  'Długość (w mm)': '1000' >  'Głębokość (w mm)': '16' >  'Typ instalacji': 'Do mocowania' >  'Materiał wykonania': 'Aluminium' >  'Kolor': 'Biały' >  'Rodzina kolorów': 'Biały' >  'Ilość sztuk w opakowaniu': '1' >  'Marka handlowa': 'INSPIRE' >  'Gwarancja (w latach)': '5' >  'Kod EAN:': '3276007267372' >  'Numer referencyjny:': '83810615' >  'Cena': '29 > 99zł /szt.29.99zł';https://static02.leroymerlin.pl/files/media/image/996/2839996/product/profil-aluminiowy-narozny-do-tasm-led-dl-1-m-oslona-mleczna-inspire,large.jpg > https://static02.leroymerlin.pl/files/media/image/188/2745188/product/profil-aluminiowy-narozny-do-tasm-led-dl-1-m-oslona-mleczna-inspire,large.jpg > https://static02.leroymerlin.pl/files/media/image/189/2745189/product/profil-aluminiowy-narozny-do-tasm-led-dl-1-m-oslona-mleczna-inspire,large.jpg > https://static02.leroymerlin.pl/files/media/image/190/2745190/product/profil-aluminiowy-narozny-do-tasm-led-dl-1-m-oslona-mleczna-inspire,large.jpg > https://static02.leroymerlin.pl/files/media/image/043/2747043/product/profil-aluminiowy-narozny-do-tasm-led-dl-1-m-oslona-mleczna-inspire,large.jpg > https://static02.leroymerlin.pl/files/media/image/044/2747044/product/profil-aluminiowy-narozny-do-tasm-led-dl-1-m-oslona-mleczna-inspire,large.jpg > https://static02.leroymerlin.pl/files/media/image/045/2747045/product/profil-aluminiowy-narozny-do-tasm-led-dl-1-m-oslona-mleczna-inspire,large.jpg
608395;Profil aluminiowy do taśm LED dł. 1 m osłona mleczna Inspire;leds;15,99zł;Srebrne profile o długości 1 metra idealnie nadają się do nadania dekoracyjnego charakteru instalacji listwowej.  Umożliwiają wykończenie projektu oświetlenia listwowego. Profil zapewnia także jednorodne i rozproszone oświetlenie w zależności od wybranej taśmy.;'Wysokość (w mm)': '7' >  'Długość (w mm)': '1000' >  'Głębokość (w mm)': '7' >  'Typ instalacji': 'Do mocowania' >  'Materiał wykonania': 'Aluminium' >  'Kolor': 'Srebrny' >  'Rodzina kolorów': 'Szary / srebrny' >  'Ilość sztuk w opakowaniu': '1' >  'Marka handlowa': 'INSPIRE' >  'Gwarancja (w latach)': '5' >  'Kod EAN:': '3276007267341' >  'Numer referencyjny:': '83810612' >  'Cena': '15 > 99zł /szt.15.99zł';https://static02.leroymerlin.pl/files/media/image/992/2839992/product/profil-aluminiowy-do-tasm-led-dl-1-m-oslona-mleczna-inspire,large.jpg > https://static02.leroymerlin.pl/files/media/image/152/2745152/product/profil-aluminiowy-do-tasm-led-dl-1-m-oslona-mleczna-inspire,large.jpg > https://static02.leroymerlin.pl/files/media/image/153/2745153/product/profil-aluminiowy-do-tasm-led-dl-1-m-oslona-mleczna-inspire,large.jpg > https://static02.leroymerlin.pl/files/media/image/154/2745154/product/profil-aluminiowy-do-tasm-led-dl-1-m-oslona-mleczna-inspire,large.jpg > https://static02.leroymerlin.pl/files/media/image/091/2747091/product/profil-aluminiowy-do-tasm-led-dl-1-m-oslona-mleczna-inspire,large.jpg > https://static02.leroymerlin.pl/files/media/image/092/2747092/product/profil-aluminiowy-do-tasm-led-dl-1-m-oslona-mleczna-inspire,large.jpg > https://static02.leroymerlin.pl/files/media/image/093/2747093/product/profil-aluminiowy-do-tasm-led-dl-1-m-oslona-mleczna-inspire,large.jpg
608394;Profil aluminiowy do taśm LED dł. 2 m osłona mleczna Inspire;leds;34,99zł;Białe profile o długości 2 metrów idealnie nadają się do nadania dekoracyjnego charakteru instalacji listwowej. Umożliwiają wykończenie projektu oświetlenia listwowego. Profil zapewnia także jednorodne i rozproszone oświetlenie w zależności od wybranej taśmy.;'Wysokość (w mm)': '16' >  'Długość (w mm)': '2000' >  'Głębokość (w mm)': '8' >  'Typ instalacji': 'Do mocowania' >  'Materiał wykonania': 'Aluminium' >  'Kolor': 'Biały' >  'Rodzina kolorów': 'Biały' >  'Ilość sztuk w opakowaniu': '1' >  'Marka handlowa': 'INSPIRE' >  'Gwarancja (w latach)': '5' >  'Kod EAN:': '3276007267327' >  'Numer referencyjny:': '83810610' >  'Cena': '34 > 99zł /szt.34.99zł';https://static01.leroymerlin.pl/files/media/image/000/2840000/product/profil-aluminiowy-do-tasm-led-dl-2-m-oslona-mleczna-inspire,large.jpg > https://static01.leroymerlin.pl/files/media/image/149/2745149/product/profil-aluminiowy-do-tasm-led-dl-2-m-oslona-mleczna-inspire,large.jpg > https://static01.leroymerlin.pl/files/media/image/150/2745150/product/profil-aluminiowy-do-tasm-led-dl-2-m-oslona-mleczna-inspire,large.jpg > https://static01.leroymerlin.pl/files/media/image/151/2745151/product/profil-aluminiowy-do-tasm-led-dl-2-m-oslona-mleczna-inspire,large.jpg > https://static01.leroymerlin.pl/files/media/image/009/2747009/product/profil-aluminiowy-do-tasm-led-dl-2-m-oslona-mleczna-inspire,large.jpg > https://static01.leroymerlin.pl/files/media/image/010/2747010/product/profil-aluminiowy-do-tasm-led-dl-2-m-oslona-mleczna-inspire,large.jpg > https://static01.leroymerlin.pl/files/media/image/011/2747011/product/profil-aluminiowy-do-tasm-led-dl-2-m-oslona-mleczna-inspire,large.jpg
608392;Profil aluminiowy do taśm LED dł. 1 m osłona mleczna Inspire;leds;22,99zł;Profile o długości 1 metra w kolorze białym idealnie nadają się do nadania dekoracyjnego charakteru instalacji listwowej.  Umożliwiają wykończenie projektu oświetlenia listwowego. Profil zapewnia także jednorodne i rozproszone oświetlenie w zależności od wybranej taśmy.;'Wysokość (w mm)': '8' >  'Długość (w mm)': '1000' >  'Głębokość (w mm)': '8' >  'Typ instalacji': 'Do mocowania' >  'Materiał wykonania': 'Aluminium' >  'Kolor': 'Biały' >  'Rodzina kolorów': 'Biały' >  'Ilość sztuk w opakowaniu': '1' >  'Marka handlowa': 'INSPIRE' >  'Gwarancja (w latach)': '5' >  'Kod EAN:': '3276007267303' >  'Numer referencyjny:': '83810608' >  'Cena': '22 > 99zł /szt.22.99zł';https://static02.leroymerlin.pl/files/media/image/990/2839990/product/profil-aluminiowy-do-tasm-led-dl-1-m-oslona-mleczna-inspire,large.jpg > https://static02.leroymerlin.pl/files/media/image/146/2745146/product/profil-aluminiowy-do-tasm-led-dl-1-m-oslona-mleczna-inspire,large.jpg > https://static02.leroymerlin.pl/files/media/image/147/2745147/product/profil-aluminiowy-do-tasm-led-dl-1-m-oslona-mleczna-inspire,large.jpg > https://static02.leroymerlin.pl/files/media/image/148/2745148/product/profil-aluminiowy-do-tasm-led-dl-1-m-oslona-mleczna-inspire,large.jpg > https://static02.leroymerlin.pl/files/media/image/013/2747013/product/profil-aluminiowy-do-tasm-led-dl-1-m-oslona-mleczna-inspire,large.jpg > https://static02.leroymerlin.pl/files/media/image/014/2747014/product/profil-aluminiowy-do-tasm-led-dl-1-m-oslona-mleczna-inspire,large.jpg > https://static02.leroymerlin.pl/files/media/image/015/2747015/product/profil-aluminiowy-do-tasm-led-dl-1-m-oslona-mleczna-inspire,large.jpg
608386;Profil aluminiowy narożny do taśm LED dł. 1 m osłona mleczna Inspire;leds;29,99zł;Srebrny kątowy profil o długości 1 metra idealnie nada dekoracyjnego charakteru instalacji listwowej. Pozwala na wykończenie projektu oświetlenia listwowego. Profil zapewnia jednorodne i rozproszone oświetlenie w zależności od wybranej taśmy. Profil narożny ma tę szczególną cechę, że dopasowuje się do kształtu miejsca montażu, wtapiając się w ścianę lub meble.;'Wysokość (w mm)': '16' >  'Długość (w mm)': '1000' >  'Głębokość (w mm)': '16' >  'Typ instalacji': 'Do mocowania' >  'Materiał wykonania': 'Aluminium' >  'Kolor': 'Srebrny' >  'Rodzina kolorów': 'Szary / srebrny' >  'Ilość sztuk w opakowaniu': '1' >  'Marka handlowa': 'INSPIRE' >  'Gwarancja (w latach)': '5' >  'Kod EAN:': '3276007267389' >  'Numer referencyjny:': '83810616' >  'Cena': '29 > 99zł /szt.29.99zł';https://static02.leroymerlin.pl/files/media/image/998/2839998/product/profil-aluminiowy-narozny-do-tasm-led-dl-1-m-oslona-mleczna-inspire,large.jpg > https://static02.leroymerlin.pl/files/media/image/143/2745143/product/profil-aluminiowy-narozny-do-tasm-led-dl-1-m-oslona-mleczna-inspire,large.jpg > https://static02.leroymerlin.pl/files/media/image/144/2745144/product/profil-aluminiowy-narozny-do-tasm-led-dl-1-m-oslona-mleczna-inspire,large.jpg > https://static02.leroymerlin.pl/files/media/image/145/2745145/product/profil-aluminiowy-narozny-do-tasm-led-dl-1-m-oslona-mleczna-inspire,large.jpg > https://static02.leroymerlin.pl/files/media/image/016/2747016/product/profil-aluminiowy-narozny-do-tasm-led-dl-1-m-oslona-mleczna-inspire,large.jpg > https://static02.leroymerlin.pl/files/media/image/017/2747017/product/profil-aluminiowy-narozny-do-tasm-led-dl-1-m-oslona-mleczna-inspire,large.jpg > https://static02.leroymerlin.pl/files/media/image/018/2747018/product/profil-aluminiowy-narozny-do-tasm-led-dl-1-m-oslona-mleczna-inspire,large.jpg
481664;Taśma LED SAWU na baterie 180 lm 1 m 4xAAA INSPIRE;leds;39,99zł;Taśma LED o długości 1 metra pozwoli Ci stworzyć atmosferę na półce lub w wazonie bez konieczności podłączenia do zasilania. Zestaw wyposażony jest w przełącznik oraz czujnik ruchu i działa na 3 baterie AAA (sprzedawane oddzielnie).;'Źródło światła w zestawie': 'Tak' >  'Długość (w m)': '1' >  'Klasa szczelności (IP + IK)': 'IP20 ' >  'Strumień świetlny (w lumenach)': '180' >  'Maksymalna moc światła (w W)': '2.5' >  'Zmiana kolorów': 'Nie' >  'Barwa światła': 'Ciepła biel' >  'Zmiana barwy światła': 'Nie' >  'Klasa ochronności': '3: urządzenie elektryczne zasilane bardzo niskim napięciem' >  'Szerokość (w cm)': '0.8' >  'Materiał wykonania': 'Tworzywo sztuczne' >  'Przeznaczenie': 'hol' >  'Typ instalacji': 'Do przyklejenia' >  'Możliwość ściemniania': 'Nie' >  'Zasilanie': 'Baterie' >  'Zapłon': 'Z czujnikiem ruchu' >  'Kubatura ochrony': 'Objętość całkowita' >  'Pobór mocy (w W)': '2.5' >  'Napięcie (w V)': '4.5' >  'Pilot na wyposażeniu': 'Nie' >  'Transformator w zestawie': 'Nie' >  'Marka handlowa': 'INSPIRE' >  'Gwarancja (w latach)': '5' >  'Kod EAN:': '3276000698494' >  'Numer referencyjny:': '82259364' >  'Cena': '39 > 99zł /szt.39.99zł';https://static02.leroymerlin.pl/files/media/image/395/2099395/product/tasma-led-sawu-na-baterie-180-lm-1-m-4xaaa-inspire,large.jpg > https://static02.leroymerlin.pl/files/media/image/659/2130659/product/tasma-led-sawu-na-baterie-180-lm-1-m-4xaaa-inspire,large.jpg > https://static02.leroymerlin.pl/files/media/image/660/2130660/product/tasma-led-sawu-na-baterie-180-lm-1-m-4xaaa-inspire,large.jpg > https://static01.leroymerlin.pl/files/media/image/597/2182597/product/tasma-led-sawu-na-baterie-180-lm-1-m-4xaaa-inspire,large.jpg > https://static01.leroymerlin.pl/files/media/image/598/2182598/product/tasma-led-sawu-na-baterie-180-lm-1-m-4xaaa-inspire,large.jpg
608381;Zestaw taśma LED IP20 5 m RGB Inspire;leds;99zł;Taśma Flex LED to 5-metrowa samoprzylepna taśma, którą łatwo zamontować w wybranym pomieszczeniu. Dzięki dołączonemu pilotowi można zmieniać kolor, tworzyć nastrój za pomocą 15 kolorów, 4 zaprogramowanych scenariuszy, a także zmieniać natężenie światła. Taśmę można przycinać co 10 cm. Zestaw ten sprzedawany jest z transformatorem, pilotem i przełącznikiem.;'Źródło światła w zestawie': 'Tak' >  'Długość (w m)': '5' >  'Klasa szczelności (IP + IK)': 'IP20 ' >  'Strumień świetlny (w lumenach)': 'RGB 4.8W/M' >  'Zmiana kolorów': 'Tak' >  'Barwa światła': 'RGB różnokolorowy' >  'Zmiana barwy światła': 'Tak' >  'Klasa ochronności': '2: urządzenie elektryczne z podwójną izolacją' >  'Szerokość (w cm)': '1' >  'Materiał wykonania': 'Tworzywo sztuczne' >  'Przeznaczenie': 'Do wszystkich pomieszczeń oprócz łazienki' >  'Typ instalacji': 'Do przyklejenia' >  'Możliwość ściemniania': 'Tak' >  'Zasilanie': 'Sieć zasilająca' >  'Zapłon': 'Pilot >  wyłącznik' >  'Kubatura ochrony': 'Objętość całkowita' >  'Pobór mocy (w W)': '24' >  'Napięcie (w V)': '12' >  'Pilot na wyposażeniu': 'Tak' >  'Transformator w zestawie': 'Tak' >  'Marka handlowa': 'INSPIRE' >  'Gwarancja (w latach)': '5' >  'Kod EAN:': '3276007257960' >  'Numer referencyjny:': '83705131' >  'Cena': '99zł /szt.99.00zł';https://static01.leroymerlin.pl/files/media/image/002/2840002/product/zestaw-tasma-led-ip20-5-m-rgb-inspire,large.jpg > https://static01.leroymerlin.pl/files/media/image/389/2741389/product/zestaw-tasma-led-ip20-5-m-rgb-inspire,large.jpg
481222;Taśma LED zewnętrzna IP65 ściemnialna 400 lm/m 2 m INSPIRE;leds;39,88zł;.;'Źródło światła w zestawie': 'Tak' >  'Długość (w m)': '2' >  'Klasa szczelności (IP + IK)': 'IP65 ' >  'Strumień świetlny (w lumenach)': '800' >  'Zmiana kolorów': 'Tak' >  'Barwa światła': 'Od białego ciepłego do białego zimnego' >  'Zmiana barwy światła': 'Tak' >  'Klasa ochronności': '2: urządzenie elektryczne z podwójną izolacją' >  'Szerokość (w cm)': '1.57' >  'Materiał wykonania': 'Tworzywo sztuczne' >  'Przeznaczenie': 'Do każdego rodzaju pomieszczeń' >  'Typ instalacji': 'Do mocowania' >  'Możliwość ściemniania': 'Tak' >  'Zasilanie': 'Sieć zasilająca' >  'Zapłon': 'Pilot' >  'Kubatura ochrony': '2' >  'Pobór mocy (w W)': '18' >  'Napięcie (w V)': '230' >  'Pilot na wyposażeniu': 'Nie' >  'Transformator w zestawie': 'Nie' >  'Marka handlowa': 'INSPIRE' >  'Gwarancja (w latach)': '5' >  'Kod EAN:': '3276000701095' >  'Numer referencyjny:': '82260890' >  'Cena': '39 > 88zł /szt.39.88zł';https://static01.leroymerlin.pl/files/media/image/879/2116879/product/tasma-led-zewnetrzna-ip65-sciemnialna-400-lm-m-2-m-inspire,large.jpg > https://static01.leroymerlin.pl/files/media/image/432/2123432/product/tasma-led-zewnetrzna-ip65-sciemnialna-400-lm-m-2-m-inspire,large.jpg > https://static01.leroymerlin.pl/files/media/image/433/2123433/product/tasma-led-zewnetrzna-ip65-sciemnialna-400-lm-m-2-m-inspire,large.jpg > https://static02.leroymerlin.pl/files/media/image/511/2382511/product/tasma-led-zewnetrzna-ip65-sciemnialna-400-lm-m-2-m-inspire,large.jpg > https://static02.leroymerlin.pl/files/media/image/512/2382512/product/tasma-led-zewnetrzna-ip65-sciemnialna-400-lm-m-2-m-inspire,large.jpg
481221;Taśma LED zewnętrzna IP65 400 lm/m 5 m INSPIRE;leds;69,88zł;.;'Źródło światła w zestawie': 'Nie' >  'Długość (w m)': '5' >  'Klasa szczelności (IP + IK)': 'IP65 ' >  'Strumień świetlny (w lumenach)': '400' >  'Zmiana kolorów': 'Nie' >  'Barwa światła': 'Neutralna biel' >  'Zmiana barwy światła': 'Nie' >  'Klasa ochronności': '2: urządzenie elektryczne z podwójną izolacją' >  'Szerokość (w cm)': '1.04' >  'Materiał wykonania': 'Tworzywo sztuczne' >  'Przeznaczenie': 'Do każdego rodzaju pomieszczeń' >  'Typ instalacji': 'Do mocowania' >  'Możliwość ściemniania': 'Nie' >  'Zasilanie': 'Sieć zasilająca' >  'Zapłon': 'Włącznik pojedynczy' >  'Kubatura ochrony': '2' >  'Pobór mocy (w W)': '45' >  'Napięcie (w V)': '230' >  'Pilot na wyposażeniu': 'Nie' >  'Transformator w zestawie': 'Nie' >  'Marka handlowa': 'INSPIRE' >  'Gwarancja (w latach)': '5' >  'Kod EAN:': '3276000701088' >  'Numer referencyjny:': '82260888' >  'Cena': '69 > 88zł /szt.69.88zł';https://static01.leroymerlin.pl/files/media/image/884/2116884/product/tasma-led-zewnetrzna-ip65-400-lm-m-5-m-inspire,large.jpg > https://static02.leroymerlin.pl/files/media/image/300/2122300/product/tasma-led-zewnetrzna-ip65-400-lm-m-5-m-inspire,large.jpg > https://static01.leroymerlin.pl/files/media/image/443/2123443/product/tasma-led-zewnetrzna-ip65-400-lm-m-5-m-inspire,large.jpg > https://static01.leroymerlin.pl/files/media/image/444/2123444/product/tasma-led-zewnetrzna-ip65-400-lm-m-5-m-inspire,large.jpg
481220;Taśma LED zewnętrzna IP65 RGBW 400 lm/m 5 m INSPIRE;leds;139zł;.;'Źródło światła w zestawie': 'Tak' >  'Długość (w m)': '5' >  'Klasa szczelności (IP + IK)': 'IP65 ' >  'Strumień świetlny (w lumenach)': '400' >  'Zmiana kolorów': 'Tak' >  'Barwa światła': 'RGB różnokolorowy' >  'Zmiana barwy światła': 'Tak' >  'Klasa ochronności': '2: urządzenie elektryczne z podwójną izolacją' >  'Szerokość (w cm)': '1.57' >  'Materiał wykonania': 'Tworzywo sztuczne' >  'Przeznaczenie': 'Do każdego rodzaju pomieszczeń' >  'Typ instalacji': 'Do mocowania' >  'Możliwość ściemniania': 'Tak' >  'Zasilanie': 'Sieć zasilająca' >  'Zapłon': 'Pilot' >  'Kubatura ochrony': '2' >  'Pobór mocy (w W)': '45' >  'Napięcie (w V)': '230' >  'Pilot na wyposażeniu': 'Nie' >  'Transformator w zestawie': 'Nie' >  'Marka handlowa': 'INSPIRE' >  'Gwarancja (w latach)': '5' >  'Kod EAN:': '3276000701156' >  'Numer referencyjny:': '82260896' >  'Cena': '139zł /szt.139.00zł';https://static02.leroymerlin.pl/files/media/image/880/2116880/product/tasma-led-zewnetrzna-ip65-rgbw-400-lm-m-5-m-inspire,large.jpg > https://static01.leroymerlin.pl/files/media/image/291/2122291/product/tasma-led-zewnetrzna-ip65-rgbw-400-lm-m-5-m-inspire,large.jpg > https://static01.leroymerlin.pl/files/media/image/292/2122292/product/tasma-led-zewnetrzna-ip65-rgbw-400-lm-m-5-m-inspire,large.jpg > https://static01.leroymerlin.pl/files/media/image/293/2122293/product/tasma-led-zewnetrzna-ip65-rgbw-400-lm-m-5-m-inspire,large.jpg > https://static01.leroymerlin.pl/files/media/image/294/2122294/product/tasma-led-zewnetrzna-ip65-rgbw-400-lm-m-5-m-inspire,large.jpg > https://static01.leroymerlin.pl/files/media/image/295/2122295/product/tasma-led-zewnetrzna-ip65-rgbw-400-lm-m-5-m-inspire,large.jpg > https://static01.leroymerlin.pl/files/media/image/296/2122296/product/tasma-led-zewnetrzna-ip65-rgbw-400-lm-m-5-m-inspire,large.jpg > https://static02.leroymerlin.pl/files/media/image/439/2123439/product/tasma-led-zewnetrzna-ip65-rgbw-400-lm-m-5-m-inspire,large.jpg > https://static02.leroymerlin.pl/files/media/image/440/2123440/product/tasma-led-zewnetrzna-ip65-rgbw-400-lm-m-5-m-inspire,large.jpg
481218;Taśma LED zewnętrzna IP65 ściemnialna 400 lm/m 5 m INSPIRE;leds;98,88zł;.;'Źródło światła w zestawie': 'Tak' >  'Długość (w m)': '5' >  'Klasa szczelności (IP + IK)': 'IP65 ' >  'Strumień świetlny (w lumenach)': '400' >  'Zmiana kolorów': 'Tak' >  'Barwa światła': 'Od białego ciepłego do białego zimnego' >  'Zmiana barwy światła': 'Tak' >  'Klasa ochronności': '2: urządzenie elektryczne z podwójną izolacją' >  'Szerokość (w cm)': '1.57' >  'Materiał wykonania': 'Tworzywo sztuczne' >  'Przeznaczenie': 'Do każdego rodzaju pomieszczeń' >  'Typ instalacji': 'Do mocowania' >  'Możliwość ściemniania': 'Tak' >  'Zasilanie': 'Sieć zasilająca' >  'Zapłon': 'Pilot' >  'Kubatura ochrony': '2' >  'Pobór mocy (w W)': '45' >  'Napięcie (w V)': '230' >  'Pilot na wyposażeniu': 'Nie' >  'Transformator w zestawie': 'Nie' >  'Marka handlowa': 'INSPIRE' >  'Gwarancja (w latach)': '5' >  'Kod EAN:': '3276000701132' >  'Numer referencyjny:': '82260892' >  'Cena': '98 > 88zł /szt.98.88zł';https://static02.leroymerlin.pl/files/media/image/881/2116881/product/tasma-led-zewnetrzna-ip65-sciemnialna-400-lm-m-5-m-inspire,large.jpg > https://static02.leroymerlin.pl/files/media/image/441/2123441/product/tasma-led-zewnetrzna-ip65-sciemnialna-400-lm-m-5-m-inspire,large.jpg > https://static02.leroymerlin.pl/files/media/image/442/2123442/product/tasma-led-zewnetrzna-ip65-sciemnialna-400-lm-m-5-m-inspire,large.jpg > https://static01.leroymerlin.pl/files/media/image/509/2382509/product/tasma-led-zewnetrzna-ip65-sciemnialna-400-lm-m-5-m-inspire,large.jpg > https://static01.leroymerlin.pl/files/media/image/510/2382510/product/tasma-led-zewnetrzna-ip65-sciemnialna-400-lm-m-5-m-inspire,large.jpg
481217;Taśma LED zewnętrzna IP65 400 lm/m 2 m INSPIRE;leds;29,88zł;.;'Źródło światła w zestawie': 'Nie' >  'Długość (w m)': '2' >  'Klasa szczelności (IP + IK)': 'IP65 ' >  'Strumień świetlny (w lumenach)': '400' >  'Zmiana kolorów': 'Nie' >  'Barwa światła': 'Neutralna biel' >  'Zmiana barwy światła': 'Nie' >  'Klasa ochronności': '2: urządzenie elektryczne z podwójną izolacją' >  'Szerokość (w cm)': '1.04' >  'Materiał wykonania': 'Tworzywo sztuczne' >  'Przeznaczenie': 'Do każdego rodzaju pomieszczeń' >  'Typ instalacji': 'Do mocowania' >  'Możliwość ściemniania': 'Nie' >  'Zasilanie': 'Sieć zasilająca' >  'Zapłon': 'Włącznik pojedynczy' >  'Kubatura ochrony': '2' >  'Pobór mocy (w W)': '18' >  'Napięcie (w V)': '230' >  'Pilot na wyposażeniu': 'Nie' >  'Transformator w zestawie': 'Nie' >  'Marka handlowa': 'INSPIRE' >  'Gwarancja (w latach)': '5' >  'Kod EAN:': '3276000701071' >  'Numer referencyjny:': '82260886' >  'Cena': '29 > 88zł /szt.29.88zł';https://static02.leroymerlin.pl/files/media/image/876/2116876/product/tasma-led-zewnetrzna-ip65-400-lm-m-2-m-inspire,large.jpg > https://static01.leroymerlin.pl/files/media/image/310/2122310/product/tasma-led-zewnetrzna-ip65-400-lm-m-2-m-inspire,large.jpg > https://static02.leroymerlin.pl/files/media/image/435/2123435/product/tasma-led-zewnetrzna-ip65-400-lm-m-2-m-inspire,large.jpg > https://static02.leroymerlin.pl/files/media/image/436/2123436/product/tasma-led-zewnetrzna-ip65-400-lm-m-2-m-inspire,large.jpg
